0.384234000468375	-0.0308815898947857
0.383194920232181	-0.0306963936725816
0.381889630413423	-0.0309037473950552
0.380698558247496	-0.0314502280507394
0.379618827520423	-0.0322556212276012
0.378703935812181	-0.0332630950679782
0.377909333764057	-0.0343024735782143
0.377123616021328	-0.0356355454934644
0.376579500252692	-0.0370471806608717
0.376063827044498	-0.0384002795475192
0.375602865817738	-0.0397966281702696
0.375249027582666	-0.0409740116881936
0.374958593886826	-0.0422393327853120
0.374758792889204	-0.0435621248987544
0.374616963582191	-0.0448043830208328
0.374494948193688	-0.0462272567280403
0.374342061441828	-0.0476462954832781
0.374193137473671	-0.0491269065229186
0.373983621264393	-0.0507953236826314
0.373709997441353	-0.0527494447640879
0.373339860660410	-0.0549033029273004
0.372824762695011	-0.0570949247147702
0.372235650156597	-0.0596260995412251
0.371509054590068	-0.0623241480415844
0.370605603821870	-0.0654758394020278
0.369672304344174	-0.0685726696440156
0.368666012947321	-0.0717946151940152
0.367554260371301	-0.0750442043561299
0.366448899381897	-0.0780942694893758
0.365101552923204	-0.0813321407426942
0.363687414384372	-0.0845793863230496
0.362269632641168	-0.0874497413459370
0.360627825787068	-0.0904583144293995
0.358997651620608	-0.0931418753334288
0.357216699925873	-0.0955996534402411
0.355406346932703	-0.0977909556483801
0.353560328886215	-0.0997504563152386
0.351729778479339	-0.101345370228865
0.349837101850552	-0.102698096272960
0.348038892871953	-0.103822855727744
0.346203229195784	-0.104606570773333
0.344358809045950	-0.105212652974213
0.342511448766272	-0.105610156398518
0.340504554484655	-0.105866885127602
0.338720790491808	-0.105952266072150
0.336916701253522	-0.105838868672934
0.335180746328565	-0.105662141302996
0.333452844802744	-0.105240509639215
0.331727308163971	-0.104798851004036
0.330144048243275	-0.104362998060034
0.328424200116590	-0.103758780071917
0.326803357666591	-0.103161805881965
0.325042986880760	-0.102432579112279
0.323444578899783	-0.101809133101092
0.321720064914869	-0.101062435994655
0.320006416627202	-0.100279360107728
0.318415039391503	-0.0996841968673174
0.316759490626177	-0.0989555027298499
0.315007045407750	-0.0982421484002613
0.313192537883280	-0.0975221894311693
0.311396182464800	-0.0969532849591066
0.309557706490519	-0.0962487723243370
0.307691746693788	-0.0955887344797717
0.305673667135592	-0.0950720812282964
0.303569365073944	-0.0944865586310316
0.301453110745324	-0.0940076157405917
0.299391376650539	-0.0935621221534432
0.297301647406376	-0.0933304804018282
0.295022791114239	-0.0929539094236910
0.292687561028148	-0.0926565408563727
0.290339100357761	-0.0925359529222139
0.287771280434707	-0.0923792525236737
0.285048592367942	-0.0923445781662809
0.282419157549908	-0.0923986403364094
0.279540195190377	-0.0925838898218354
0.276556602557940	-0.0927678609899380
0.273550767204078	-0.0929458666771989
0.270629428625282	-0.0931871490719601
0.267423472694467	-0.0933965800600839
0.264288271627493	-0.0936289142335825
0.260959021990852	-0.0938244435208161
0.257855906688692	-0.0939982946767764
0.254278535659610	-0.0942004286035135
0.250889844267439	-0.0943696458591771
0.247376772599716	-0.0945589966126817
0.243533831146731	-0.0947235267048268
0.239672354092560	-0.0948468310632975
0.235797966033424	-0.0949233703130264
0.232013060186915	-0.0949460071822921
0.228009498162266	-0.0949310402169658
0.224088707184296	-0.0948505594888236
0.220357362833630	-0.0946621142100896
0.216369140616860	-0.0944163044414753
0.212341929721731	-0.0941358735786899
0.208234376582836	-0.0937183431829873
0.204225893036493	-0.0932493072518026
0.199974465282868	-0.0926998438556974
0.196079879810024	-0.0921099536742449
0.192113069408418	-0.0914219526382338
0.188119797838221	-0.0905951476462078
0.183880514099167	-0.0895933197073418
0.180065823459026	-0.0886039553623774
0.176047177289963	-0.0873977031782369
0.171873023818527	-0.0861166694306869
0.167705581513039	-0.0848412283214262
0.163774627912350	-0.0835825651270329
0.159723704230875	-0.0823222507727638
0.155943975569524	-0.0810127212015501
0.151897398166948	-0.0795101657145274
0.147971877414883	-0.0780951217009247
0.144122416543550	-0.0766131790807392
0.140059412763370	-0.0751811973626036
0.136316883136126	-0.0738379521719894
0.132636351899059	-0.0725388089290270
0.128952624868684	-0.0712071751207655
0.125070758653207	-0.0698018250135307
0.121287770282683	-0.0685164236817931
0.117749324016094	-0.0673714242027244
0.114360313044591	-0.0662959332281068
0.110905852226139	-0.0652596439847352
0.107330079093711	-0.0642223427401493
0.104157423329167	-0.0633497313773739
0.100835843596465	-0.0624933120340263
0.0976976384837818	-0.0617571610455066
0.0946367076532884	-0.0611105455328353
0.0915473981782190	-0.0605355157902654
0.0884336089264097	-0.0599815782835289
0.0855661514227882	-0.0595867912835356
0.0826915992580229	-0.0592133095722629
0.0800231757616296	-0.0588692291594246
0.0771862061261675	-0.0585402222383563
0.0744020309961550	-0.0582613360090032
0.0716272514984684	-0.0580087618112200
0.0688299736158928	-0.0577812745909055
0.0660772450920320	-0.0575701924429058
0.0635091055896468	-0.0573920269659795
0.0609015939137058	-0.0571815839766414
0.0582977893580023	-0.0569758814140437
0.0556822242829249	-0.0568049597352824
0.0530949100206912	-0.0566494311276218
0.0507813474132288	-0.0565007734755736
0.0482051545117072	-0.0563580813043671
0.0456012221242713	-0.0562641249811091
0.0430240704847573	-0.0562022863805975
0.0402226380708811	-0.0561495025277921
0.0375714718583516	-0.0561056136330276
0.0350375912602292	-0.0560806331820027
0.0323058271404695	-0.0560210849000285
0.0294732037839063	-0.0559729349475199
0.0268371217157910	-0.0559525883967917
0.0242193835012642	-0.0559360767980332
0.0216075894622904	-0.0559231870983572
0.0188234143322779	-0.0559124811907751
0.0160832133181849	-0.0559501382885888
0.0132803747552532	-0.0559877953864025
0.0103341729045203	-0.0560340811261481
0.00726927929032481	-0.0560949077254455
0.00468727004498246	-0.0561515265302206
0.00168437482096400	-0.0562157087124915
-0.00148399858054763	-0.0562713687792742
-0.00461005967866009	-0.0563255907390682
-0.00748767980500122	-0.0563839672301627
-0.0103922724268627	-0.0563789604873133
-0.0137448513546529	-0.0563995200909287
-0.0169782911079174	-0.0564415980361520
-0.0203066459224322	-0.0564551801577114
-0.0236066860082374	-0.0564410121407122
-0.0269608628326817	-0.0563889739730120
-0.0300717119546476	-0.0562982667062839
-0.0335154349075847	-0.0561294755563947
-0.0370506214649995	-0.0559128007701059
-0.0402432828956526	-0.0557187628530827
-0.0438159241506383	-0.0554430724170377
-0.0472114545404893	-0.0551640263980192
-0.0507255488620707	-0.0548693742550128
-0.0544087006496503	-0.0545307266907984
-0.0581055304325885	-0.0541406268543236
-0.0617884904725696	-0.0536831490422697
-0.0654238331922601	-0.0531956307731198
-0.0688135472382904	-0.0526680585611751
-0.0725899522746002	-0.0520180874655304
-0.0760650579178228	-0.0513924576622490
-0.0796497792715130	-0.0507454160438033
-0.0835170726695050	-0.0500108096887159
-0.0871955585988548	-0.0493009174685443
-0.0908105760731058	-0.0485906524058202
-0.0946168937347794	-0.0477940476605557
-0.0983600625206850	-0.0469617565566841
-0.101985050870057	-0.0460870679282585
-0.105631451034594	-0.0451309930969201
-0.109102913473445	-0.0441781140588897
-0.112805559600204	-0.0431048601395878
-0.116518815760746	-0.0420759744840466
-0.119989063798140	-0.0411325762994969
-0.123878791665155	-0.0401064603314894
-0.127546859308320	-0.0391689743645597
-0.131170441508637	-0.0382107690043492
-0.134705947645383	-0.0372289147736588
-0.138284149580724	-0.0361883644725430
-0.141868807018549	-0.0351196911903160
-0.145374017034733	-0.0340559713877166
-0.148485697062959	-0.0330838110633940
-0.151912354479631	-0.0320935945068808
-0.155285769979790	-0.0311923275307761
-0.158823513171852	-0.0302963868768517
-0.162264040331481	-0.0294821520051709
-0.165612848223167	-0.0286661061839488
-0.168828711113237	-0.0278913393596229
-0.171970942925489	-0.0271270121267702
-0.174955302548320	-0.0263422318167456
-0.177954618483834	-0.0255855212246105
-0.180752152029874	-0.0249476408803148
-0.183600179110182	-0.0243596149116253
-0.186276336426381	-0.0239496478934185
-0.189071569001239	-0.0235676973298793
-0.191932698834111	-0.0232545095856860
-0.194628222657756	-0.0230018821246811
-0.197153794193278	-0.0227808930174263
-0.199455212786169	-0.0226328745240397
-0.201702494640422	-0.0224824591856720
-0.203870456904767	-0.0223675171530242
-0.206010487935600	-0.0223388082764731
-0.208024924289425	-0.0224125245754465
-0.210007083130838	-0.0225658161277915
-0.212059932920226	-0.0228119987389584
-0.214076414581768	-0.0231114978351487
-0.215975994124099	-0.0234333142212739
-0.217719171541933	-0.0237956106559683
-0.219332344087993	-0.0242101583112500
-0.220834175195199	-0.0246720037074915
-0.222318173775746	-0.0251584567122054
-0.223772323646796	-0.0257577744839169
-0.225185439531769	-0.0264786389277795
-0.226532146831801	-0.0272495708001356
-0.227975111426272	-0.0281882285579450
-0.229360423909465	-0.0293017494729289
-0.230691407906420	-0.0305391606418233
-0.231926645935865	-0.0318057600562650
-0.233081413889812	-0.0331876210826853
-0.234172265977597	-0.0347185658669283
-0.235167819508935	-0.0362545173940206
-0.236091020279778	-0.0378818153465026
-0.237086254231785	-0.0397173192330070
-0.238080912940996	-0.0416118387692676
-0.239102480229862	-0.0436608749119745
-0.240068824210364	-0.0458173429730553
-0.241026475633067	-0.0481090996175121
-0.241910751641417	-0.0504867165755130
-0.242666428927049	-0.0528979426264708
-0.243376917695305	-0.0554953236376251
-0.244072769730210	-0.0582983539481553
-0.244737302990695	-0.0611225830209625
-0.245410209229647	-0.0641263091512411
-0.246027828244370	-0.0671605551076119
-0.246625569424716	-0.0704644194927424
-0.247211933580885	-0.0741256800961616
-0.247691813904029	-0.0779048654726494
-0.248090009750218	-0.0817757701170796
-0.248369769496408	-0.0857544262592144
-0.248590662729864	-0.0899913557638650
-0.248759464532397	-0.0947494658938442
-0.248883333481019	-0.0993999310525624
-0.248963867472383	-0.104422865921339
-0.249016789809565	-0.109464389654524
-0.249035197579020	-0.114859581180472
-0.248992693528022	-0.120412272053288
-0.248880393351176	-0.126467980792797
-0.248710185399586	-0.132450346075886
-0.248429466915403	-0.138433350517636
-0.248043926410715	-0.144611777720176
-0.247531385079963	-0.151098492450504
-0.246856433533293	-0.157770403403036
-0.246058891355325	-0.164559227127422
-0.245140867769641	-0.171349116116245
-0.244109585269119	-0.178284893069581
-0.242908733975669	-0.185431059749035
-0.241525786379524	-0.193023518963963
-0.240062304792015	-0.200590731411758
-0.238390137901487	-0.208298665291553
-0.236515996873888	-0.216252515466405
-0.234461996598909	-0.224028306690775
-0.232148433991447	-0.232017843224234
-0.229483270204228	-0.240556523574468
-0.226660617722786	-0.249097760559349
-0.223823392423859	-0.257606027609934
-0.220909340253806	-0.266262579470014
-0.217905294544196	-0.275014898602894
-0.214578281962871	-0.284643237944745
-0.211211258049328	-0.294188752976694
-0.208021408916786	-0.303108478415697
-0.204366380110318	-0.312970909617365
-0.200866730774489	-0.322273278041790
-0.196999756955828	-0.332393449973757
-0.193293851119894	-0.341961122505976
-0.189399649142248	-0.352071014636134
-0.185517846842638	-0.362283491731483
-0.181711848760295	-0.372373996048906
-0.178026140338069	-0.382313658922187
-0.173953868757295	-0.393331262878289
-0.170145058376842	-0.403740441051750
-0.166181443768544	-0.414535138424612
-0.162244418160569	-0.425306080400550
-0.158591818157015	-0.435357968882167
-0.154610818433121	-0.446243320258535
-0.150439093764600	-0.457384068783442
-0.146387083513400	-0.468040920938281
-0.142146074045959	-0.478893355643576
-0.137938236913056	-0.489509354907293
-0.133677541358838	-0.500135101340601
-0.129324870873212	-0.510946043996112
-0.125196161582618	-0.521066855086740
-0.120562708696943	-0.532359883162777
-0.115881318911647	-0.543624841520925
-0.111782650078149	-0.553304473345371
-0.107171184250434	-0.564026839263026
-0.102460265334971	-0.574688218791719
-0.0976433099975454	-0.585222885115745
-0.0929259355796001	-0.595385454572266
-0.0877847989690014	-0.606170777618090
-0.0832640297553701	-0.615423984088793
-0.0780833931394833	-0.626133939675768
-0.0734900794177582	-0.635506295973640
-0.0682501927939394	-0.646034783763938
-0.0632249995645583	-0.655993195291293
-0.0588008711405638	-0.664682983401778
-0.0536649117151242	-0.674608158678729
-0.0485035776908183	-0.684543187651713
-0.0434728876969474	-0.694200928291998
-0.0384673805543442	-0.703800558757298
-0.0335977585432012	-0.713011474229889
-0.0287683396118741	-0.722160231522638
-0.0240319182658125	-0.731040009545290
-0.0190590721308181	-0.740171775870284
-0.0139447801840074	-0.749417791806043
-0.00889990086784845	-0.758400740689324
-0.00419614052939561	-0.766706128128067
0.000961550290539050	-0.775772966585685
0.00589956227847525	-0.784632557847274
0.0107285977146054	-0.793288630338358
0.0156283240987106	-0.802096396485133
0.0206193862555612	-0.810974736400796
0.0249262290651486	-0.818551696018181
0.0298043518864911	-0.827242868972433
0.0346429107866794	-0.835875878488477
0.0395014114371102	-0.844468407955952
0.0441599832581866	-0.852577626948800
0.0486672662240577	-0.860231711711353
0.0535113218887359	-0.868292514435583
0.0584190377561114	-0.876316139430995
0.0630241759130764	-0.883875948290960
0.0677235260567641	-0.891521510938025
0.0723681642190172	-0.899094635603440
0.0767838557486783	-0.906073395976770
0.0811764736506550	-0.912937001264566
0.0854672096619696	-0.919485075226409
0.0899127499011284	-0.926179782837872
0.0942666347882110	-0.932586016840058
0.0982552405001783	-0.938452587878950
0.102316071140909	-0.944085919269573
0.106442351628589	-0.949376395301459
0.110663483261653	-0.954431447892982
0.114728979760613	-0.958919034119431
0.118839345197619	-0.963082034272221
0.122909763218273	-0.966702548510962
0.127172440164343	-0.969953575780065
0.131457487663569	-0.972895090467279
0.135857583721887	-0.975482830835287
0.140031417613991	-0.977587846624108
0.144168372051320	-0.979075754725135
0.148107954293941	-0.980366162799722
0.152460688695433	-0.981159838067788
0.156506946518678	-0.981416939639424
0.160838780431935	-0.981358509885108
0.165043357855664	-0.980890645744802
0.169171619735195	-0.979950816196113
0.173742818567228	-0.978502429405663
0.178061102316858	-0.976658296877227
0.182641313286020	-0.974577409327882
0.187300524265758	-0.971939388478493
0.191715576636757	-0.969064186502422
0.196030345013749	-0.966254817868498
0.200568691090575	-0.962919315129617
0.204835522567945	-0.959359680753395
0.209060489152979	-0.955469867665225
0.213533577130453	-0.951111711067754
0.217583605989802	-0.946875420721765
0.221781216584119	-0.942426716647232
0.226034433981997	-0.937495394519954
0.230407110133731	-0.932179938037043
0.234547643859565	-0.926912098874422
0.238517138727550	-0.921454110009970
0.242540514670709	-0.915845439491042
0.246672228007013	-0.909607570532971
0.250271522178188	-0.903867339856192
0.253984522675265	-0.897525341299499
0.257581707622857	-0.890960755738897
0.261325195988094	-0.883982101892010
0.264762016027485	-0.877769053595299
0.268163426677023	-0.870988272617405
0.271938425564277	-0.863443430722767
0.275527429281001	-0.855989349358079
0.279018002563834	-0.848779479865351
0.282534973099393	-0.841220043847939
0.286066772115901	-0.833139800047751
0.289375504759504	-0.825343981851984
0.292651256816168	-0.817541612279935
0.295823720833114	-0.809510051064475
0.299153162217354	-0.801061279032642
0.302307921539373	-0.792983751656766
0.305665997231653	-0.784355003198466
0.309029697520155	-0.775439592080429
0.312357604923607	-0.766513048949036
0.315823506682102	-0.757128069267597
0.319066853394622	-0.748082269782590
0.322234715469204	-0.738951994827806
0.325202648714432	-0.729859163917949
0.328303143466080	-0.720019209795880
0.331320675423449	-0.710295582550226
0.334373616770673	-0.700127100876086
0.337200935110344	-0.690672346374087
0.340246206553628	-0.680416086910417
0.343185441574949	-0.670460658123483
0.346269573864860	-0.659551764403078
0.349274961807658	-0.648508221257960
0.352052617519322	-0.637522841551048
0.354605928540758	-0.627255716390131
0.357193945877519	-0.616077790136407
0.359676118539917	-0.604665452443534
0.362058007208306	-0.593673308307454
0.364566065796499	-0.582042644668416
0.366969366280053	-0.570643516254550
0.369543449957991	-0.558223971037409
0.372042240745591	-0.545857262936295
0.374414414202324	-0.533633193743166
0.376677163696187	-0.521037826630858
0.378804347637922	-0.508395800936252
0.380733584142152	-0.495824934905973
0.382552374029656	-0.483787659831702
0.384484806327194	-0.470127880494911
0.386293369676112	-0.457218952795857
0.388138492900473	-0.443566843363006
0.389819352348799	-0.430874057818023
0.391536132513908	-0.417215024166337
0.393097021881448	-0.403408344863818
0.394517104595833	-0.389376308869855
0.395795166255606	-0.375663266311263
0.396922514302970	-0.361440121877477
0.397918067834308	-0.347057187778286
0.398837369737314	-0.333084273960524
0.399714487168654	-0.318683496682029
0.400451756684831	-0.304876604326622
0.401082734115582	-0.290507784981209
0.401599046482438	-0.275565374000214
0.401940101544277	-0.262220380304271
0.402194806270933	-0.248304564660279
0.402359773121497	-0.235000051012905
0.402473095952202	-0.221713433808056
0.402560852436442	-0.208025424963711
0.402623298237682	-0.195125924854916
0.402689770738490	-0.183062497538740
0.402752919614258	-0.170797042822271
0.402788840331042	-0.158220371100815
0.402801367840809	-0.145830706551105
0.402752983530125	-0.133993701190808
0.402606871860078	-0.122788877010074
0.402335676839953	-0.111837692291559
0.401930769827818	-0.101638158159109
0.401350477678934	-0.0921838297628837
0.400513563327410	-0.0827117647137988
0.399455052667903	-0.0741621654030956
0.398489731341260	-0.0672359225664612
0.397261012730163	-0.0599909526105660
0.396128998824570	-0.0540611581273956
0.394994747863661	-0.0489550261061648
0.393812240423799	-0.0445767892740746
0.392740754843461	-0.0413727934298221
0.391607846115741	-0.0386868889440335
0.390398046601029	-0.0365915137983592
0.389161146759064	-0.0350215270725357
0.387908715361621	-0.0339918957318892